0.155764091731 0.0087007171854
0.728396656618 0.776325873622
0.796085189663 0.170099982866
0.822841099381 0.819136520941
0.978615546562 0.56444925662
0.488087184466 0.245888225657
0.603545374921 0.884089744565
0.169639524217 0.842792135771
0.720932137633 0.475290108866
0.556453847106 0.155232066926
0.161828013379 0.0778527098175
0.503797156465 0.868137610018
0.313063929482 0.0061936446111
0.198519283193 0.317024447473
0.873711982636 0.0819326510021
0.973811087386 0.35356912774
0.127357008646 0.329562856536
0.921634003752 0.44717303272
0.552834640145 0.143896593716
0.39054419058 0.929787755303
0.600141468418 0.538491879295
0.427756351337 0.754566895351
0.0691783561031 0.177716107169
0.719227958749 0.126290502528
0.620866315523 0.563351225814
0.680345846603 0.446117837031
0.287898625162 0.658930501159
0.148066283288 0.332871602139
0.290188475663 0.0258475843769
0.728913492187 0.927267882139
0.988972787695 0.559135882906
0.498638514525 0.361169091203
0.813671586385 0.48566510068
0.923053970135 0.814442097903
0.675611062075 0.299576001061
0.132176272775 0.327111458613
0.972289814034 0.197680972356
0.696268425224 0.28988975923
0.130248068308 0.269952568547
0.52099020781 0.236328651561
0.0247013893447 0.13987722143
0.249329109299 0.0324254950094
0.450850781122 0.238278706878
0.368341478225 0.235272583427
0.680216729038 0.66495863959
0.954339829069 0.778856016229
0.66844157178 0.0771748199166
0.552075363443 0.227576645989
0.126073742646 0.785747355225
0.653189073574 0.270504520808
0.811525794447 0.815279105921
0.691649990265 0.573669599674
0.836696788332 0.697420201155
0.790116633405 0.106340996364
0.262984488487 0.212730789607
0.0818134004757 0.723336751406
0.930019298734 0.607321774145
0.799151869891 0.446458876278
0.908694744153 0.970688185458
0.359425452879 0.500463539056
0.987114316783 0.470152938675
0.108922993108 0.416177708993
0.821343730578 0.106926895986
0.244291904221 0.686709804993
0.11658091928 0.617927418156
0.768182417452 0.47025695176
0.675757752885 0.627853152424
0.982641728593 0.344059757123
0.763408695055 0.51676289652
0.221532868464 0.10736099103
0.61278880517 0.986635900586
0.109534021349 0.279198844919
0.389599465366 0.735127050468
0.28824475676 0.729863840743
0.663866833893 0.110200862726
0.576078316315 0.079982483641
0.362244525836 0.0293923289678
0.514015275315 0.256505136548
0.808391446364 0.979316339985
0.165941067353 0.329322774776
0.0941982798954 0.956236089035
0.893990469676 0.312006248306
0.856304598442 0.564507343465
0.681824246028 0.765913175523
0.731652261689 0.00769186407252
0.672029178531 0.429352456897
0.230904517722 0.342425951634
0.998389678034 0.197907031636
0.154425833045 0.246273720136
0.856702522521 0.465147187214
0.146646560435 0.986291113015
0.65462046861 0.920151417575
0.367945160009 0.234375291304
0.636598034946 0.79560815078
0.759574113918 0.461359627042
0.585281715873 0.55623964751
0.10416821167 0.684073455291
0.138298288734 0.183471452733
0.974411459682 0.532412650447
0.274013921373 0.475640282065
0.215491261426 0.237280105951
0.548097857966 0.593532186637
0.973626700981 0.629324196297
0.0168472567687 0.833600077002
0.501410195383 0.295051564832
0.554580647024 0.552261330753
0.157625980913 0.669100561657
0.72348051154 0.538324217046
0.852509608408 0.0978809987013
0.110553219561 0.013953208689
0.15472205524 0.350902644443
0.872730338044 0.154864185096
0.58868444752 0.226432870801
0.500223829866 0.684457247789
0.599298670937 0.52632043367
0.0790458387838 0.9758310823
0.612120112397 0.142035402392
0.467153934872 0.931019723679
0.927941600057 0.521642430497
0.372828223708 0.959333968044
0.729437887219 0.945584471652
0.389315745302 0.135216284611
0.721861432215 0.686509569115
0.625816885225 0.121199322515
0.213167833748 0.0563020823052
0.287420413469 0.290421848598
0.980847854114 0.659301371549
0.26720144286 0.513360499849
0.788674226739 0.384218764755
0.641418061089 0.863228905524
0.342008497729 0.263668182527
0.791552724688 0.441409870869
0.742574482352 0.659405998446
0.652422398143 0.329552100799
0.420356610965 0.185986560634
0.488327472933 0.241498865811
0.992694435156 0.973457097096
0.728134747228 0.473215781623
0.860881347043 0.797359878612
0.86362896638 0.209899761185
0.216724821175 0.586171859761
0.542216824978 0.121206690137
0.769452784365 0.984120584311
0.832324543245 0.818497986288
0.798513717906 0.966925546572
0.821779674147 0.848290505071
0.742889371205 0.957649031512
0.911330013071 0.790110480064
0.578736042787 0.679346675359
0.0641913802506 0.272457712177
0.154446490255 0.518842068635
0.0549316185461 0.410860525942
0.151930408178 0.576546027748
0.766952047246 0.796268333065
0.832208964673 0.493623839482
0.564471728459 0.712455442607
0.90599652826 0.979221702204
0.418466900815 0.251861465924
0.209140331192 0.1812951576
0.82176022873 0.31065000156
0.0356330771668 0.842091777425
0.362928450437 0.0743272609665
0.583861778837 0.271871234862
0.812384675437 0.902574328209
0.988335489502 0.697244640993
0.685873295189 0.164759601689
0.546979399339 0.839100989578
0.180682855549 0.865597872333
0.767346647009 0.675167444082
0.39455223324 0.126402118824
0.333819077074 0.557249381413
0.866882851583 0.894629527775
0.339241649715 0.878173144427
0.192350509999 0.152244812509
0.607917004023 0.559957367331
0.539425691287 0.992958991847
0.667192419554 0.785880547586
0.379960782939 0.510860240743
0.763713208425 0.110083977573
0.690041790076 0.827220234718
0.629373415117 0.590888564955
0.651570671156 0.478095717648
0.848178094695 0.697683130191
0.41007521146 0.57423217673
0.611536733976 0.0303998843976
0.333746785692 0.526350320664
0.686774363695 0.284898659072
0.132467609899 0.889199900084
0.784026838588 0.508922015209
0.56902459208 0.0302911198289
0.515738675139 0.642962017572
0.123852350505 0.396748358495
0.420460293352 0.416436388625
0.220254516928 0.0810072594411
0.799272819275 0.602194577497
0.0841808082183 0.0096164589146
0.654945546852 0.0237359518919
0.604119783691 0.381586814358
0.660604389036 0.596312042795
0.980017240799 0.917855822741
0.476159242738 0.660775254399
0.720712425304 0.260895388932
0.401736687757 0.317537536374
0.15350680688 0.138713401164
0.315139466967 0.156992880077
0.606449127735 0.077420509169
0.0357682693954 0.1969482056
0.661019216499 0.514139489414
0.369330895813 0.479247202251
0.762077665359 0.954280683766
0.221740106242 0.445313479711
0.224742435037 0.94812806518
0.745347028958 0.473133719854
0.363132694129 0.0724008504393
0.870032690808 0.515402489489
0.232969607272 0.939971301733
0.5211468519 0.413306623599
0.373254718997 0.565196569248
0.650959693828 0.890144826012
0.134048431542 0.496780992648
0.793515320411 0.425951896233
0.00623420804848 0.065425698655
0.456242772989 0.154732092672
0.392673391438 0.786256025054
0.261006517027 0.660029101398
0.954451909208 0.0855422738618
0.262906918658 0.999804078568
0.849507301465 0.512110234571
0.641138161264 0.621355655429
0.0312640522246 0.608991310468
0.910980019947 0.465105333883
0.734874491952 0.502985401617
0.341326723066 0.746798914472
0.902398049546 0.650589053449
0.246892064941 0.240524429458
0.122287465699 0.198756640561
0.427762447976 0.373454449998
0.404576107248 0.316729960279
0.483884804241 0.575434793847
0.167409490569 0.298280546124
0.561312321288 0.93377744997
0.985738920595 0.932086370546
0.275355006548 0.0943816503631
0.522515134015 0.913833039685
0.395914873122 0.343087629365
0.978465618388 0.822368292366
0.0359636628734 0.848956158773
0.431786249449 0.896631249275
0.0265498514688 0.620309502981
0.34803744972 0.744599404479
0.764737659562 0.433154608611
0.190428639405 0.228732433443
0.827615112113 0.394747164452
0.595843472981 0.697819733919
0.654060240452 0.67938439556
0.713233606776 0.443445236699
0.31129131852 0.806130617519
0.722414057577 0.227425594558
0.936028244394 0.694251623557
0.583971498802 0.485201077447
0.195872088728 0.418696204824
0.712822037227 0.912008244994
0.286217910082 0.805101748935
0.384029284768 0.513840372839
0.572715525363 0.754152384112
0.239894505479 0.134410645159
0.859153959777 0.29505383364
0.149691287991 0.135718476318
0.246748119081 0.79762713507
0.743282135477 0.70252674919
0.0300419999825 0.55148983569
0.936540134534 0.69550951515
0.848950986959 0.646129888912
0.255402017341 0.245859581208
0.337149694078 0.219700976172
0.485936496301 0.929004126404
0.153396492287 0.213110611709
0.227646700577 0.1776364895
0.48079042417 0.536929607019
0.0191729762612 0.606542524796
0.655742760724 0.735973615302
0.672505338172 0.589360449384
0.166231292767 0.156551319764
0.158204538638 0.533317130671
0.23467757064 0.699985509091
0.243081942548 0.673194076939
0.0513923641505 0.133303526878
0.787332442683 0.10230816174
0.11544479426 0.706962534586
0.517108235708 0.704845097683
0.936843613553 0.661810336698
0.15390070428 0.0301469604333
0.931167568373 0.0731474121764
0.89133425219 0.192258918994
0.656749666423 0.865805513526
0.931127239427 0.549346964248
0.440985990203 0.32480244102
0.231727660498 0.00280233481296
0.94776262754 0.318954033153
0.867555603153 0.41434682071
0.966285782871 0.0471792885909
0.847609584363 0.687960277667
0.694544639443 0.0240487883783
0.45872669461 0.865600518974
0.394653265929 0.804254601511
0.612520953454 0.627976682985
0.975134897922 0.562885769837
0.855919905764 0.0234897364078
0.444648703459 0.733176708776
0.509263882112 0.633747649097
0.644096289559 0.0681783606455
0.175959083277 0.721356479971
0.167087985412 0.781699138834
0.901540028712 0.709296119133
0.809495936073 0.672544508878
0.539869040408 0.94392379425
0.770701665524 0.797956135741
0.00953786212472 0.917743321826
0.0616955514919 0.764371832589
0.607088951212 0.177613116736
0.3812450165 0.698318310866
0.34456410914 0.314634011701
0.336856013863 0.809085211066
0.614036244157 0.923369995319
0.916763358588 0.941006921113
0.7040060546 0.883142529057
0.233358615634 0.171931199946
0.205744859735 0.00330912830158
0.901732783138 0.742466301982
0.429330879229 0.593281432206
0.0610040147368 0.0231916664707
0.509495613402 0.955701917795
0.859836497242 0.080180339798
0.701507509468 0.576490485372
0.692598959892 0.767622295271
0.548262221613 0.812682070628
0.354098202976 0.529289550756
0.14516136587 0.151805431829
0.71171700715 0.769074653788
0.131462315047 0.701245876149
0.554616116841 0.405154939402
0.116094177916 0.917555494707
0.77254190797 0.0585751415838
0.749232347315 0.71997584055
0.865028174948 0.902480411354
0.0364584326124 0.934091615846
0.647455413362 0.446147281725
0.493447987183 0.571073303218
0.680228259354 0.31837195957
0.619026941584 0.528497020184
0.109329704709 0.26554470752
0.0874633302798 0.955140206432
0.521820322472 0.136106124959
0.874960056065 0.942836889347
0.584593730854 0.222075007647
0.791077852024 0.824233720342
0.881922065163 0.732527100633
0.810857896471 0.389885737756
0.882672892447 0.704658974754
0.330037837377 0.288154090709
0.943951385624 0.724119968895
0.250533322233 0.965843935763
0.368167563385 0.456949209156
0.733857595394 0.558570561056
0.545194184756 0.466708446364
0.564447025344 0.423978357347
0.293507926203 0.162765290247
0.75237611767 0.646221843331
0.891517566919 0.374597124197
0.86635242823 0.644472609461
0.67104767404 0.378446014574
0.957579702568 0.362004930463
0.983663421381 0.806254526209
0.0233503684729 0.616498963262
0.885580931706 0.504000951286
0.193122463201 0.333435146131
0.180164833484 0.488220475441
0.619796106117 0.316151459058
0.782052544462 0.15848537343
0.266127054451 0.952716153191
0.432350176992 0.212042654233
0.0838876207443 0.905115713949
0.962163411749 0.686664039315
0.0858917910685 0.182929784584
0.375702561466 0.408210555066
0.25318698952 0.722370180735
0.091825524591 0.283992149349
0.104428188841 0.815590002047
0.496087823228 0.406249593949
0.838439875493 0.270093102257
0.815888869287 0.0274431948726
0.0453915872701 0.537081095517
0.219385871953 0.451556523664
0.254250231769 0.493733040847
0.358520538605 0.763425664349
0.461109649834 0.689120021774
0.55116078302 0.252056979077
0.571475588281 0.89451001295
0.289256372137 0.250757063523
0.577437073225 0.942031361733
0.687235947149 0.859945436723
0.617230317799 0.064172892829
0.567024564151 0.918612537736
0.13678842177 0.760335798136
0.895072492646 0.805887926327
0.358526194998 0.0567095078926
0.49844670178 0.678015564113
0.99616521092 0.414089087134
0.174081588808 0.162212829264
0.434014435979 0.485395462886
0.844503659923 0.182482267799
0.805452847236 0.0916244820021
0.105056573003 0.365569245066
0.851943870796 0.439079690348
0.644424754756 0.136936675226
0.269415699233 0.954229374254
0.29185603382 0.651596693834
0.93819511218 0.16915374478
0.91991288506 0.222149848378
0.0739683602924 0.0110521629097
0.707507616301 0.0641813156677
0.77113518197 0.538989708255
0.593353684057 0.433699867367
0.728982797346 0.790774338276
0.872836993516 0.448215827365
0.0876314450954 0.503243259403
0.565571150953 0.501977889001
0.653452728547 0.335451234858
0.911939939398 0.0262285330638
0.967749557854 0.51503114801
0.0586772876464 0.0667064380306
0.828935240855 0.202730073175
0.663748188155 0.518244549383
0.616814970337 0.678974778463
0.38755224599 0.786260242747
0.0583942369668 0.351424702522
0.160663316343 0.616119283503
0.0110067759593 0.332383698363
0.0578097787475 0.887057632795
0.456808398184 0.990993361522
0.487157997127 0.558603886544
0.540162590622 0.438372891825
0.112720510379 0.412688091302
0.774731401213 0.982434711059
0.559149168678 0.774216026874
0.257975703184 0.2477541702
0.95241025672 0.038056716246
0.931980749254 0.506106489204
0.99874763372 0.146423608637
0.304908617841 0.878688365597
0.2546481839 0.827343408372
0.250177275182 0.761799776037
0.477358583423 0.20461939484
0.629940479222 0.377079485204
0.540780322222 0.338975037204
0.534835335462 0.124022439864
0.465645635969 0.103116958576
0.430512646262 0.708446850726
0.259533749337 0.429873974693
0.467688896902 0.698587456754
0.527000397594 0.187544566937
0.429211908577 0.129004907852
0.891316785317 0.676561803429
0.647862178913 0.299521058205
0.613296197601 0.0762115314901
0.92317703043 0.0736165049541
0.538515672288 0.0670013493123
0.620021918658 0.594291372905
0.870827613675 0.188523971769
0.98867147424 0.372113302441
0.869525703443 0.352443565769
0.284083091309 0.138983470843
0.20276258841 0.932617907023
0.322118873283 0.068085567917
0.436398116131 0.245489771519
0.0474123533878 0.0305030849778
0.783485957704 0.257193833765
0.0328246426849 0.833090853626
0.914593821189 0.492647950067
0.0780359898765 0.810556110339
0.0089698195791 0.716902690574
0.91869176698 0.760191109394
0.79562157873 0.292174327167
0.246391890504 0.32556584242
0.526661962799 0.437205572089
0.155773146677 0.713898981929
0.469422268925 0.671943691819
0.531112929109 0.303055472978
0.458642307251 0.756939248014
0.275172008805 0.0304737935823
0.97099967396 0.449396340468
0.173289434185 0.70400474418
0.0762855867246 0.559133503311
0.765013966416 0.0500312753742
0.422607375376 0.856399307909
0.316287748121 0.27808127449
0.51637234187 0.889075844102
0.643775332852 0.443328920802
0.597260367006 0.948940237529
0.130521157789 0.977305098177
0.184373836912 0.0175883424721
0.110738933569 0.479252985938
0.393764117293 0.825864195727
0.445713689927 0.278549023472
0.600704917121 0.352068820654
0.981289108602 0.76842951927
0.66416347514 0.675817337574
0.714353680377 0.99118885088
0.513682875871 0.890187108403
0.215326799369 0.908910334087
0.105784538946 0.680811844437
0.450322695608 0.140217024725
0.793214040952 0.258539508869
0.703624405145 0.233704098618
0.362309371511 0.317030230831
0.764579123655 0.288437427345
0.866143733339 0.892267363588
0.533099853214 0.227818204207
0.831744593581 0.471930083394
0.0648215113639 0.108306861983
0.866716339194 0.0524735393911
0.56032415758 0.588250512457
0.366517578155 0.609071020118
0.379041606946 0.536257423244
0.995270335908 0.289963217937
0.326497356863 0.114753317162
0.364535616628 0.322242020375
0.416744145339 0.991266439351
0.227173038407 0.372570617874
0.251188749462 0.647727754258
0.0232254119184 0.980001958939
0.837640672853 0.883794614655
0.147312669142 0.0305118691867
0.918015127847 0.279523474581
0.882606329006 0.761071750422
0.654529166528 0.632909101411
0.34512042637 0.0402806221236
0.679523324382 0.498878283215
0.387399530824 0.742495431398
0.522745200947 0.799933177842
0.110702106101 0.590024379944
0.249412850045 0.0721076439607
0.825764090335 0.148982249359
0.109987025527 0.435759236599
0.0631560799776 0.0893794733672
0.775755973057 0.756079785101
0.968723213628 0.507149901332
0.432148207955 0.521202953392
0.343918675944 0.694718298595
0.899568341478 0.825223954734
0.959985368584 0.0403037130332
0.173398798508 0.387689583651
0.633891826403 0.976319382775
0.198093510036 0.443902621393
0.274758748632 0.652759087423
0.00643164186391 0.728714399818
0.00374003064581 0.145662050562
0.635188604633 0.381613888909
0.96767536411 0.458851045345
0.412543637802 0.578981128259
0.088892334978 0.368932487627
0.066957020121 0.0286551208096
0.24657499134 0.141691187722
0.775576066184 0.568779847082
0.871300760881 0.00069086212162
0.0361966111041 0.01201509892
0.352111108182 0.398729469575
0.67047629349 0.620872259156
0.195876821798 0.208077910031
0.932338217538 0.336585059416
0.165463187568 0.53364048163
0.446295706544 0.718320528253
0.500045195354 0.461606221915
0.590026122153 0.078784601767
0.751083905989 0.998299392071
0.834497064323 0.242953752191
0.704283941134 0.518230087886
0.558959672496 0.454031882731
0.706627340531 0.614358293729
0.645551713413 0.41506883507
0.222466772817 0.0105794083035
0.902025039798 0.565337337655
0.779349000894 0.486571787465
0.370103982938 0.174181895139
0.962260222637 0.259406639199
0.944370016234 0.387446009278
0.290941883793 0.423774657352
0.214725994139 0.22094274221
0.426378867167 0.26571519596
0.752758908152 0.306281951764
0.0828765510994 0.00581792972496
0.108295755958 0.711638546886
0.765417932531 0.225078296516
0.426272972162 0.314308595562
0.498667348967 0.215553644566
0.095338503831 0.639171003135
0.0369300696421 0.506699819943
0.599874617252 0.383203851822
0.0831059764562 0.691466339372
0.209629838956 0.544526616323
0.753018900632 0.658925933237
0.418676638351 0.747647832304
0.291152391552 0.704187280376
0.738245218678 0.0534505665275
0.74998422886 0.70443002967
0.645738071055 0.612364685156
0.613369910423 0.515377044116
0.849745765378 0.366041785378
0.563971320743 0.6171675686
0.816850290716 0.684357984292
0.977621013864 0.328763490584
0.807949981747 0.825239780685
0.764272113866 0.29961372198
0.807349405112 0.266917426723
0.37748211994 0.818157787643
0.906514367125 0.661761420327
0.802233517874 0.094238836788
0.907796287995 0.022066877091
0.258219231254 0.351048452949
0.474695264051 0.366622449307
0.991491130954 0.181804953447
0.31727852636 0.292665431925
0.401583885804 0.619627349408
0.659564644772 0.811071034185
0.294063771333 0.826536747058
0.088357167731 0.345056892489
0.950137124477 0.687481739202
0.446143197434 0.869319972572
0.0645959240413 0.211206110571
0.846869911449 0.6549122418
0.836982750095 0.0826650524935
0.679373025472 0.635017174408
0.476643113658 0.244822060096
0.649164215699 0.663324156478
0.553441054459 0.450417804985
0.758459522745 0.330335107556
0.546176181731 0.087683150408
0.139774311972 0.58692657687
0.216600761499 0.406549467696
0.434106050119 0.4370165276
0.631366841834 0.395622937303
0.581470160779 0.768418750462
0.604615731809 0.152964723485
0.691075211467 0.408302361791
0.135023625808 0.879297520124
0.860110946315 0.732341481283
0.952235453216 0.608974367008
0.45478371679 0.457952232563
0.834410489332 0.154083878369
0.318805943547 0.426328290196
0.564769040354 0.848146114061
0.100598630965 0.0841910269406
0.313440213302 0.304905470509
0.97698664287 0.74397040498
0.242974048822 0.913731815166
0.659593203737 0.340064485105
0.131142951842 0.24136747595
0.458565268926 0.0198491433361
0.232557585389 0.813127194891
0.520107902586 0.494043251257
0.881784645342 0.598367299199
0.286499630016 0.200967441714
0.818694202741 0.0778102721779
0.533888342276 0.28412547655
0.234527184247 0.896738234687
0.643593940217 0.257857602457
0.780062871339 0.606493724496
0.923199452901 0.505937063426
0.205168499054 0.027900859044
0.660033361037 0.789906537771
0.114326312544 0.412320666605
0.00524898842778 0.833670299816
0.66980077217 0.792823070948
0.662397488571 0.223117626283
0.36986077258 0.262624262253
0.563397298478 0.644676482369
0.940314683929 0.607708541015
0.391332072268 0.52820744054
0.0596234185262 0.536768071859
0.052101526973 0.597630481549
0.572592919283 0.175994059102
0.261150655511 0.755290934293
0.302954951845 0.930589586205
0.923806180813 0.751785074559
0.641625255267 0.00884198947927
0.0670178905698 0.818217816722
0.749014331772 0.6080165347
0.432914436684 0.539266460099
0.958433136144 0.995428454921
0.972463427061 0.291484091514
0.301297555624 0.190035211032
0.184855742409 0.718729057773
0.435953560711 0.110186106273
0.935485503621 0.258152658067
0.269277159144 0.63835679869
0.31893337035 0.187173149294
0.603490281537 0.675185080691
0.663747434127 0.902702949743
0.694849168954 0.154852901011
0.867141661572 0.817216897393
0.71727239647 0.962819188154
0.949611344533 0.876255898514
0.826185233809 0.696238356826
0.49278511466 0.916266541108
0.201787454058 0.32286444121
0.393017921713 0.282876099283
0.0481347515148 0.661400267791
0.619903205315 0.399174786725
0.529504572149 0.797541625955
0.972664412343 0.56502380332
0.571280525498 0.909481244642
0.712974235742 0.0343019092305
0.281651463057 0.896107482275
0.552919744033 0.0534935978001
0.198844641854 0.784468005052
0.432734736413 0.830635954435
0.129009724463 0.453740552555
0.45437273798 0.0779121866782
0.245031520413 0.873114955786
0.879086940959 0.370491924199
0.556378883785 0.932594920368
0.649691234527 0.0206355713321
0.973228193848 0.100688385957
0.561889630918 0.832316482024
0.0444089687988 0.259376974607
0.872266195628 0.421541276437
0.781472494604 0.505720584283
0.358797995863 0.182013365567
0.649090786297 0.632262675195
0.371013450587 0.892920589485
0.748517890605 0.985983805702
0.852005785992 0.00896291867698
0.0894241891265 0.715634288396
0.963028106881 0.417364399424
0.654503932289 0.837149252184
0.986421625595 0.307996813915
0.382176358255 0.606298661397
0.578035858642 0.655746041982
0.735989259493 0.86165760333
0.0260073991148 0.988530149484
0.59231513849 0.690964653684
0.367918040358 0.463571545832
0.983414490304 0.47042483914
0.868851973075 0.282763313204
0.30200946856 0.33200295512
0.294847446802 0.978357128839
0.14046445607 0.359228429436
0.189786594538 0.200308514161
0.273955343032 0.369035324385
0.475743450063 0.300224171115
0.722634685353 0.128711274359
0.349221181672 0.719715904341
0.262814539513 0.549452220568
0.349881589591 0.342914329033
0.0406865729439 0.473192811256
0.274964186911 0.391012997339
0.790981823211 0.765345401812
0.575692197433 0.732690614078
0.823630930972 0.0323300796623
0.666830795137 0.488418536545
0.00606690040842 0.264846512684
0.809418986133 0.0829112266492
0.101187558894 0.0459974126102
0.519500629683 0.730760814511
0.88152258399 0.360664204381
0.0180489245008 0.356487262845
0.582407610865 0.217315881507
0.0718847523506 0.240820461111
0.7094341418 0.791626784077
0.287716874328 0.769944566025
0.0535899296692 0.127888338943
0.530396412787 0.274409650523
0.184258640253 0.917566520413
0.277162036365 0.0876398232923
0.991584805631 0.593227383874
0.168679525408 0.228210325383
0.293795525635 0.468274608762
0.294796601532 0.265566498476
0.642375079404 0.124318153189
0.321497565925 0.198146169138
0.583647238024 0.47429056746
0.612777041561 0.867981087361
0.534664401943 0.408080388983
0.50526811462 0.886899653866
0.213993299097 0.686070063247
0.11609429243 0.992896139047
0.704360648355 0.960463400722
0.0656497709823 0.995127509593
0.497598024455 0.976773768777
0.220687084643 0.42866496199
0.1942502224 0.752004641208
0.746230165691 0.574706268023
0.798267437997 0.397747464177
0.9897259349 0.862012623541
0.388597463065 0.129614463746
0.218160005075 0.576061544718
0.983611901401 0.215688242447
0.259431635488 0.803913375087
0.0377940521619 0.697509062744
0.458894024958 0.893841248475
0.800916489063 0.264675757916
0.625412469026 0.825276372727
0.806671429659 0.740289924281
0.48838448946 0.53821914624
0.297629016282 0.564120327696
0.421088665242 0.626315429367
0.682546751114 0.0260560895285
0.811221421705 0.276953980015
0.455374213947 0.320680420482
0.0709735718951 0.854389218266
0.99515277238 0.755462073088
0.192883868784 0.97622962611
0.349061178892 0.189022329624
0.0960084940257 0.0584253227151
0.185128946292 0.407505688752
0.129812116842 0.151434991481
0.873064891578 0.182579105521
0.572883997713 0.730195025609
0.651352444972 0.38540237067
0.83172607598 0.923126809315
0.544624781438 0.984894401467
0.10673905088 0.751136198258
0.823841898653 0.16973068298
0.524371894779 0.24768120755
0.66549938411 0.716627031021
0.918909881611 0.10776214475
0.216359142506 0.825568844671
0.693563964573 0.984355683783
0.0311468630182 0.59274816002
0.0716701961801 0.91496553411
0.135644188032 0.758775711661
0.650265053228 0.834530976226
0.799401407215 0.980397516106
0.280280119083 0.12973624353
0.899643936292 0.723911891002
0.236671707152 0.198758914906
0.0954117856851 0.534026425292
0.242848270483 0.310869325984
0.215977930313 0.382408686127
0.472009363805 0.118442233441
0.315390637229 0.665869962438
0.463717982143 0.309047238531
0.151378634709 0.58074878601
0.176671536419 0.187903221665
0.034803501843 0.966596429657
0.966879981022 0.00514690092923
0.43223742564 0.638001675957
0.653237532084 0.448917926212
0.698402928439 0.0157599544955
0.297015138824 0.737096450502
0.669661822775 0.984486738449
0.355179186316 0.852743346227
0.291786217082 0.558684521106
0.338120423213 0.166275499966
0.7326272788 0.327105133474
0.264957173708 0.002717682487
0.771279414849 0.798057282341
0.806156676668 0.505193395584
0.0567173327018 0.247129140486
0.506538186281 0.325957597133
0.395904254536 0.348625761441
0.894245007757 0.478669356418
0.497452052532 0.813652148566
0.0726782390628 0.75038843728
0.334048600805 0.57134558754
0.751394957153 0.860337697193
0.981729921286 0.912103322331
0.161731215412 0.644966150297
0.0598409570578 0.640953648384
0.779474064771 0.516051507792
0.292504627534 0.401633029354
0.219660473729 0.000323341643385
0.799033198733 0.704206488786
0.805243414835 0.865468382441
0.618667185288 0.779316933326
0.42588154816 0.45299937193
0.489455946976 0.708384968412
0.179504550895 0.958024926913
0.607509750784 0.205102688596
0.121772468179 0.512735278828
0.445632364126 0.196608528486
0.167625005325 0.443849590606
0.823156919142 0.242481675346
0.0555770536303 0.862679235429
0.250678662609 0.961032808865
0.428362232505 0.494148875624
0.0241693414581 0.589775710883
0.0233468208267 0.770358729524
0.278094767066 0.343580608255
0.220514517082 0.649234725955
0.502682279818 0.779174856368
0.690524509117 0.315100808976
0.919383373188 0.779091310403
0.613871125628 0.754455505473
0.540006496131 0.766131264364
0.525822153878 0.694330353394
0.696980751964 0.595085498956
0.172508838441 0.6911426235
0.344977884266 0.784872680794
0.170806674559 0.101957286272
0.0560221909617 0.921755732692
0.635508906946 0.185117126602
0.850690406897 0.0570714339539
0.330018771422 0.91460814271
0.361979714928 0.408558652498
0.698601793937 0.286228267071
0.256590840165 0.481713017433
0.773025145036 0.173051200335
0.836450280644 0.0291528988468
0.156587572948 0.0421639710914
0.454203219446 0.853224834114
0.991307471414 0.0948368508722
0.621817395448 0.0256088210043
0.894553654381 0.979231483775
0.720898398559 0.772532670466
0.136955697868 0.722963493214
0.285436826023 0.904903083426
0.522812130095 0.104858801661
0.797837767625 0.759723415005
0.369321980803 0.2923097972
0.113642379012 0.497581899444
0.318678995624 0.596001160736
0.904636603316 0.882878016295
0.351910478657 0.42551258612
0.169862301354 0.746435571214
0.175815363824 0.580380349732
0.724903946295 0.440385495891
0.841625733423 0.947722299345
0.999396695007 0.211537896875
0.304949031304 0.159713588317
0.476934118132 0.395840527047
0.786199810146 0.873928910086
0.640467412821 0.402930827394
0.0162274951187 0.944523210701
0.758193702129 0.0263458211597
0.636935030467 0.729937529266
0.539001362752 0.571099430518
0.952912257262 0.0179307639245
0.30370086126 0.704023503927
0.350856500401 0.997988470882
0.365190881264 0.542308141091
0.145932957234 0.698023160935
0.345902641587 0.823468161437
0.279210968527 0.0462891615798
0.113756588654 0.902533512813
0.120252059684 0.829034785159
0.272290137499 0.291834208336
0.202542533069 0.208045444558
0.00496934851892 0.030113815757
0.416842763665 0.477817155887
0.0198933144648 0.392618355277
0.366869764423 0.823989182469
0.252757789621 0.281579878075
0.524125748014 0.933128837029
0.203383094243 0.279421706877
0.133286130552 0.174548837145
0.726644416796 0.514292195959
0.399155214975 0.841319707287
0.309812163045 0.294474854225
0.676616413226 0.597741108458
0.444990496287 0.623731392755
0.0637799627654 0.16883265266
0.12505807039 0.0417258276095
0.258534495236 0.57644348262
0.127771686765 0.653402091708
0.282679834733 0.0653553881365
0.21703408968 0.617281516513
0.837531778373 0.326236677038
0.818887273186 0.142151977551
0.717248571649 0.168377960768
0.686210597609 0.264607440306
0.639381283056 0.125071209055
0.511117277503 0.735179357622
0.712478559334 0.844245163703
0.914851975879 0.652444655901
0.766585457747 0.730115722203
0.940295697023 0.293753323635
0.747101157177 0.734207962032
0.186463353575 0.236724102784
0.984692730243 0.405215892371
0.536424735178 0.0776497388803
0.4446632926 0.477347551177
0.7830228711 0.712069047362
0.505630299667 0.988563157729
0.879826671359 0.036813230331
0.504976156128 0.15829171401
0.925612104179 0.884263189305
0.111104383634 0.882867872896
0.483304777309 0.592833606991
0.593789115573 0.235084455912
0.715157972114 0.0920063943174
0.582760134065 0.937253943485
0.00731250255512 0.128216017313
0.887846520141 0.283881892324
0.658582094644 0.260960823096
0.838968364125 0.904912280311
0.134874209753 0.283619674299
0.634356868054 0.814893238069
0.168718852422 0.369097064421
0.538592487967 0.327580380728
