0.965897319343 0.066618904459
0.817754043585 0.906739250927
0.0572466902785 0.0153736866129
0.418366440362 0.565914977571
0.344553050185 0.489747021174
0.0627243388229 0.689005510858
0.855672779035 0.163306002321
0.758298888932 0.520702116834
0.478294850048 0.361220224896
0.951529655667 0.109611830022
0.249244577527 0.7191149744
0.60830012109 0.960467021409
0.526650995982 0.70992239659
0.154292568874 0.453531916917
0.884973207652 0.106814760064
0.298361252091 0.609393597204
0.0315153650331 0.709494196877
0.159839970053 0.446463505915
0.965144106699 0.710916406598
0.303819802293 0.484587595982
0.134047542027 0.829133281352
0.420574000415 0.497540176363
0.283503458624 0.693525566936
0.313872176623 0.816158905588
0.478147987921 0.649060721181
0.997320338372 0.0159260291434
0.511508898596 0.1363875137
0.859328469329 0.542802419987
0.775374438475 0.885547302081
0.674603507558 0.828213657391
0.886746141585 0.544897580362
0.846781480689 0.0889481059409
0.758521784467 0.371394534573
0.616721797774 0.35469863328
0.607371670672 0.437351325548
0.518132693688 0.584415652321
0.615964385212 0.0589531914252
0.797403518757 0.0657618725332
0.469033879826 0.286874230795
0.265414506838 0.0802972834707
0.074842453143 0.471991908258
0.791097685226 0.33869658019
0.211729277333 0.719356137602
0.00664181464336 0.00710878754965
0.706821601723 0.477029870349
0.419396680959 0.0179525706623
0.482809600416 0.267377609067
0.918095544454 0.297362061421
0.496683194132 0.0857468630865
0.864301309441 0.595039394388
0.118760768762 0.289491647663
0.0469685022808 0.726830398329
0.0065126427453 0.777540167909
0.345641826088 0.0502495621724
0.0522621923441 0.626314826525
0.00155274180075 0.728966756786
0.403697056813 0.203340884486
0.0727685103051 0.919910982957
0.171172854857 0.359908522179
0.120985669254 0.0334839896316
0.0671491237863 0.37763650242
0.964826582621 0.651172456846
0.114517636411 0.732197456258
0.635856783542 0.910712802589
0.247352126112 0.487989442303
0.75448286532 0.679725774799
0.390939199184 0.243941202007
0.824481712377 0.394866296592
0.810414612065 0.494355315242
0.260823066171 0.248801055278
0.627950174819 0.397479112522
0.534243396916 0.0745226640375
0.849514550145 0.391876519218
0.357517021956 0.0533908374414
0.427460524863 0.884023396293
0.435580996692 0.813032826744
0.90593027392 0.440213499913
0.95997525325 0.863570892722
0.825498211299 0.729681000653
0.176926974211 0.0670086356017
0.673658991003 0.833598701633
0.387374860421 0.363529843052
0.804199761526 0.728058172325
0.730525404834 0.497699146759
0.76442846258 0.67595338723
0.0804995681371 0.571689548822
0.860137391889 0.0659726659131
0.463472549045 0.720789827445
0.0150577724465 0.581553681378
0.278797104621 0.272240020915
0.241000952116 0.0927739642144
0.805447428372 0.618269641394
0.53436386014 0.710614285516
0.885413817801 0.764652719042
0.879815006718 0.644826097534
0.559615557988 0.493826036794
0.268904950113 0.35743505428
0.826446554871 0.257571879051
0.43448390428 0.975449511842
0.267386578647 0.927383728084
